-8.56913731293
-3.93693325976
-3.2206701627
-3.04824798697
-6.05227906334
-4.69956099775
-3.99415859681
-6.7104072176
-3.24530410606
-7.06074025501
-4.51228335962
-2.49972015296
-3.64263678164
-1.57074628057
-7.97846880165
-3.89364181022
-9.82190028143
-2.30252837828
-2.34836642538
-1.94486514219
-4.53915812666
-3.87184976012
-4.70635912046
-6.56031333847
-3.64972532321
-6.64195430293
-2.71347017476
-2.55286199808
-5.13922620806
-6.04971982225
-6.21940479504
-1.17359630761
-8.56395408713
-8.80511614394
-8.49496121564
-3.33284547027
-5.00453270025
-8.80511614394
-2.13908506322
-6.12160705176
-6.80856226207
-2.14593878117
-8.31263965885
-8.90042632375
-2.71937500886
-3.78843853539
-4.70322437609
-2.13735005614
-6.32020949416
-7.67665089213
-8.90042632375
-2.36112942725
-8.90042632375
-4.73842311305
-2.08946313988
-9.39828497864
-3.84661821872
-7.67849900904
-1.73911361097
-8.79214917507
-9.58060653543
-1.90933881323
-2.93317759889
-9.48529635563
-3.34365003335
-3.27652343058
-8.51589579844
-8.8386691907
-1.60003552283
-9.48529635563
-6.38602340313
-3.37766624188
-5.83818631439
-2.39091063463
-3.21844087265
-9.48529635563
-8.8386691907
-9.58060653543
-4.62126453573
-8.29967268997
-3.86687372992
-3.72004759084
-7.41843455058
-7.88681348409
-4.56486547409
-1.96994653948
-6.79689690239
-5.43044883765
-6.75415535402
-2.46272200772
-6.27737557166
-7.66627071448
-4.55832645032
-5.51887851089
-5.94648474488
-3.11700972293
-8.38047130424
-8.13627434373
-3.62431653946
-3.68115215398
-7.19366630353
-3.99419837868
-5.5687641654
-7.07732731145
-9.92803381295
-4.61384309725
-9.74571225616
-0.539446842226
-3.09569111568
-6.32795635301
-3.71139411753
-2.41430909662
-3.72801015351
-4.55509580995
-4.95823695698
-6.34082417762
-4.46511588446
-8.04326226652
-7.01291794898
-3.43956524633
-3.7489856295
-2.38915359506
-5.28119827865
-4.42659878404
-6.26513162835
-1.97627124692
-2.51922598755
-3.73311064401
-6.05129367581
-4.11522602804
-4.7192493012
-4.45117886715
-4.53558824104
-7.73175461566
-1.12913645957
-2.76344229115
-7.91147745464
-7.52954284395
-8.49462373999
-2.45110056644
-2.92612021579
-7.61223455979
-8.53718335441
-2.45050744661
-9.03362024072
-8.72823859117
-3.74824338545
-8.83946422628
-7.66534438511
-1.90437992786
-8.30538174035
-9.37009247734
-2.35581735498
-5.92967438253
-3.31565313107
-3.50589328128
-9.37009247734
-7.80147655943
-9.37009247734
-6.13534330332
-9.37009247734
-0.997670755055
-2.68111731874
-8.56025268088
-8.08332860879
-6.88627624731
-1.96318277389
-7.92426391416
-4.61975020413
-2.22136418194
-2.8612966496
-9.14803934578
-8.56025268088
-3.35807917488
-6.07534603109
-3.73997111527
-2.83195827843
-7.95411687731
-9.05272916597
-2.55266875189
-4.06291519969
-4.94334672639
-3.49449808756
-9.14803934578
-7.57942342786
-9.14803934578
-5.88227993501
-8.61741109472
-1.03021985283
-1.89498668658
-7.38720654177
-8.05310407989
-7.54227845612
-0.728635365145
-7.85831575433
-9.58997129949
-8.77904108327
-1.99513721535
-10.1007969233
-7.88522320725
-6.63506102045
-6.26134461066
-6.70517058664
-2.56176986743
-9.25349906287
-10.1007969233
-4.57202943021
-6.2226754695
-3.76456133671
-4.6222435064
-9.54118113532
-7.38169688596
-10.28311848
-5.02458198351
-10.1878083002
-2.36230880076
-3.71224488655
-4.71747528213
-2.78398437052
-3.22160137681
-3.16833652365
-3.90382545586
-3.68079054706
-9.1193045441
-6.42298959922
-10.3232773484
-5.2408383222
-3.07952613671
-3.17368761969
-1.31267939919
-2.66438117586
-4.92360748762
-7.89552911248
-3.40970568412
-2.05157983283
-2.10119374529
-6.51107467828
-3.81674618329
-9.67268978229
-6.16830816439
-10.4102887254
-5.51177072944
-3.78839898796
-2.34276091606
-6.10240944106
-6.03787091992
-6.50787454917
-1.4153520956
-6.2455102847
-6.17140231255
-6.32555299237
-5.51462277616
-6.50787454917
-6.2455102847
-6.41256436936
-6.32555299237
-6.50787454917
-1.27837149862
-6.41256436936
-6.32555299237
-6.10240944106
-6.10240944106
-6.2455102847
-1.10025444773
-6.50787454917
-6.2455102847
-6.50787454917
-6.50787454917
-6.50787454917
-4.85921592358
-3.61949335849
-7.0477035394
-6.06241993604
-7.67185784848
-1.2114318817
-6.28556348736
-6.82455998809
-3.63114850209
-1.78519841573
-7.81495869212
-7.48953629168
-3.88766821456
-6.03610262772
-2.35439166309
-3.84176822581
-7.54669470552
-7.98201277678
-5.48206824963
-3.00089992195
-6.69102859546
-3.73872587984
-7.24441383365
-5.43826562697
-8.07732295658
-4.68281456307
-8.07732295658
-1.42885667555
-2.26918338831
-6.57329779969
-5.74547936545
-2.85963672146
-1.78413470501
-4.14404790091
-6.84409165412
-7.74377464959
-2.17511587102
-9.70151925629
-4.95658712793
-2.06593360619
-5.06033863278
-6.49269376728
-2.4508837444
-5.60440076719
-9.70151925629
-5.64828608232
-3.87946004071
-3.86451793785
-3.82098626989
-5.0913615288
-5.46620575095
-9.88384081309
-2.33360026835
-8.60290696763
-2.04340977298
-1.75399423752
-3.68411989808
-6.5593110988
-8.43962396537
-1.36544442966
-6.40758466259
-9.33756555858
-8.23895326991
-2.43894276316
-9.17051147392
-8.90224748732
-6.20603174387
-3.6410823864
-5.66241629728
-2.22805752514
-2.69721449604
-9.43287573838
-5.50105010566
-3.53819745996
-6.90714709408
-3.46852548377
-9.25055418159
-8.07189918525
-9.43287573838
-3.42479992547
-9.43287573838
-1.89683185119
-3.41157713428
-6.72828520839
-3.09094274307
-1.74026482569
-2.50151905124
-4.81737190137
-2.11321053052
-6.80774937974
-3.29579254909
-6.25279895107
-4.91779788434
-4.63276984188
-5.98877585293
-4.66665175664
-2.87675951807
-7.60375394574
-6.86446560919
-7.18723900145
-3.05233621576
-2.2647479269
-4.90015809499
-5.34895951659
-7.14773655847
-7.45437654467
-4.54635184516
-8.80772675007
-1.46567898002
-5.08224138914
-5.14239363199
-4.27659835333
-4.08521681769
-5.75996838501
-2.174773616
-5.28862157222
-6.09017411036
-4.47157233082
-6.90687468304
-4.43265865541
-3.22774310631
-2.82129235565
-1.76810883937
-3.51562242391
-3.95180165683
-8.98631622472
-2.16645907941
-3.37121318415
-3.12244833471
-2.21018938821
-3.54507164071
-3.14047975047
-6.66311184452
-5.51344438505
-7.70422564113
-2.21297367901
-2.13626534967
-7.64874993028
-6.52216378957
-8.50316525843
-1.73461457717
-6.50168525822
-7.78532546528
-3.64257796058
-2.6542728486
-8.45437509426
-7.86131137226
-2.38517819861
-6.36309909494
-7.29420491259
-2.11620176753
-2.79075345708
-9.19631243899
-1.78687319416
-3.84872883114
-3.29422570303
-3.19712776887
-9.19631243899
-7.08005692419
-9.19631243899
-4.98715220234
-9.19631243899
-2.93634863885
-6.18229149695
-6.18229149695
-6.18229149695
-6.18229149695
-6.18229149695
-6.18229149695
-6.18229149695
-6.18229149695
-6.18229149695
-6.18229149695
-6.18229149695
-6.18229149695
-6.18229149695
-6.18229149695
-6.18229149695
-6.18229149695
-6.18229149695
-6.18229149695
-6.18229149695
-6.18229149695
-0.057170565025
-6.18229149695
-6.18229149695
-6.18229149695
-6.18229149695
-6.18229149695
-5.54043761077
-2.57228079524
-5.9920572568
-4.31931676455
-3.72842940706
-1.42254838176
-5.35723168667
-4.33176092713
-6.033757986
-2.36454174582
-9.40518320932
-4.85046456683
-4.67355659938
-3.74500437215
-3.91657611633
-2.32216455736
-5.41397940602
-9.04054009574
-3.63686221353
-2.90161385695
-3.23456879659
-3.98164387802
-4.90581808223
-6.25758858646
-10.1391523844
-3.25859702535
-8.07018214259
-1.7281348556
-3.20901196848
-6.33489952315
-4.09329906442
-7.59203503906
-2.1586345703
-6.18299519395
-7.84950333292
-2.91525781459
-2.77547104199
-9.55029102394
-4.55102445745
-4.70713151079
-4.58927232237
-6.2432450734
-2.96892851571
-3.85392730467
-7.0090314376
-8.24313398338
-2.81085149475
-2.11775576378
-3.25655033087
-7.86550367426
-5.38059702448
-10.3832001469
-5.20141659658
-9.91319651763
-0.991130059875
-3.1682706209
-8.2177061951
-5.87889983867
-9.52521967837
-2.33889187498
-7.17240245989
-8.47843245756
-1.10747187161
-2.36623414973
-10.4567778824
-9.68952272966
-4.41853985525
-6.03239197386
-7.21960886446
-2.33671539612
-8.16191483547
-10.7191421468
-3.46242156699
-3.6797447588
-4.02519909174
-3.90021808156
-9.55599133703
-5.18259559156
-10.1313554819
-4.20472579617
-7.98477463742
-1.58352532106
-3.6907063475
-3.73413364093
-3.24547212621
-4.02060871263
-3.28129797869
-5.01724376581
-3.19332718495
-7.7963898886
-3.73111886626
-9.35453450665
-6.20822937461
-2.25767516857
-3.41129778185
-2.08986264625
-6.09643796862
-3.10070569507
-8.94906939854
-1.90537590343
-1.97225458362
-1.96486761406
-9.27449179897
-6.78319535108
-9.35453450665
-7.31765257938
-7.37353303778
-5.26715861374
-3.27003509357
-2.46775513273
-8.46601472297
-8.56132490278
-7.86817772222
-0.519236328551
-8.56132490278
-8.29896063831
-8.46601472297
-1.74294743495
-8.46601472297
-7.9194710166
-5.4433749965
-8.56132490278
-4.56680067584
-2.7892609207
-8.56132490278
-8.56132490278
-6.26879014564
-4.4071403402
-7.97353823787
-6.28919901727
-8.37900334598
-8.03069665171
-8.46601472297
-5.25810792947
-8.56132490278
-3.12281090573
-1.59679846096
-7.6001421706
-7.64096416512
-5.34464868514
-1.89210210569
-6.83933634156
-8.11096779436
-1.62282725909
-1.76287830456
-8.87310784641
-7.00130566951
-5.46715986199
-8.17996066585
-3.21836556718
-2.52421863647
-8.29328935116
-9.20958008303
-4.57000847032
-4.24254842642
-5.65423202154
-7.56092145744
-9.20958008303
-7.30747255663
-9.20958008303
-6.87743618779
-9.02725852624
-2.17272823071
-2.25478096803
-6.89820986614
-2.02760321665
-6.49274475803
-2.46264246454
-5.83349912915
-6.89820986614
-4.31044583091
-2.07310125979
-6.89820986614
-6.89820986614
-6.42820623689
-6.71588830934
-6.89820986614
-4.45586283077
-1.49553248427
-6.36758161508
-4.63644676766
-5.76680775465
-1.87038974729
-4.37248122183
-4.34876469521
-6.80289968633
-4.47340714042
-5.1754432684
-6.89820986614
-2.55570398963
-3.87287435353
-6.07983833756
-5.60595622899
-6.14957167557
-2.9181087352
-5.83314018984
-6.99872310461
-7.31717683573
-3.82663944125
-8.85762187668
-7.45070822835
-4.74538282458
-4.44785848703
-5.4481256922
-2.22551031172
-4.73723060552
-9.03994343347
-5.75154154595
-3.13267604516
-4.23020108175
-7.03846343326
-7.65364907235
-6.23054073811
-7.70494236674
-8.16447469612
-7.73161061382
-0.381789019104
-2.53117959933
-6.00314605188
-5.90783587208
-4.69481323223
-0.92922301855
-5.90783587208
-6.00314605188
-3.19978567098
-2.33958440575
-6.00314605188
-5.66667381526
-3.88689053708
-4.00166605167
-5.00989427887
-1.73624972446
-6.00314605188
-6.00314605188
-6.00314605188
-5.82082449509
-5.90783587208
-3.11834533904
-5.66667381526
-5.90783587208
-6.00314605188
-4.56806152659
-3.77313165172
-3.16993270783
-2.1544563183
-3.13202890923
-3.20424027322
-3.55477596608
-3.83207988756
-3.26251490669
-4.13184262373
-2.78471227914
-2.75342041178
-5.68607428491
-5.2715182051
-3.77979262947
-3.35246849826
-3.81238593572
-2.64453247533
-3.36760573064
-6.23787253606
-3.68092184349
-2.70300749752
-1.86142386741
-4.47238853041
-4.91869683048
-2.80428504059
-7.78394952828
-4.70203955849
-8.48644257126
-3.29106299245
